7,1799
7,1798
7,1797
7,1796
7,1795
7,1794
7,1793
7,1792
7,1791
7,1790
7,1789
7,1788
7,1787
7,1786
7,1785
7,1784
7,1783
7,1782
7,1781
7,1780
7,1779
7,1778
7,1777
7,1776
7,1775
7,1774
7,1773
7,1772
7,1771
7,1770
7,1769
7,1768
7,1767
7,1766
7,1765
7,1764
7,1763
7,1762
7,1761
7,1760
7,1759
7,1758
7,1757
7,1756
7,1755
7,1754
7,1753
7,1752
7,1751
7,1750
7,1749
7,1748
7,1747
7,1746
7,1745
7,1744
7,1743
7,1742
7,1741
7,1740
7,1739
7,1738
7,1737
7,1736
7,1735
7,1734
7,1733
7,1732
7,1731
7,1730
7,1729
7,1728
7,1727
7,1726
7,1725
7,1724
7,1723
7,1722
7,1721
7,1720
7,1719
7,1718
7,1717
7,1716
7,1715
7,1714
7,1713
7,1712
7,1711
7,1710
7,1709
7,1708
7,1707
7,1706
7,1705
7,1704
7,1703
7,1702
7,1701
7,1700
7,1699
7,1698
7,1697
7,1696
7,1695
7,1694
7,1693
7,1692
7,1691
7,1690
7,1689
7,1688
7,1687
7,1686
7,1685
7,1684
7,1683
7,1682
7,1681
7,1680
7,1679
7,1678
7,1677
7,1676
7,1675
7,1674
7,1673
7,1672
7,1671
7,1670
7,1669
7,1668
7,1667
7,1666
7,1665
7,1664
7,1663
7,1662
7,1661
7,1660
7,1659
7,1658
7,1657
7,1656
7,1655
7,1654
7,1653
7,1652
7,1651
7,1650
7,1649
7,1648
7,1647
7,1646
7,1645
7,1644
7,1643
7,1642
7,1641
7,1640
7,1639
7,1638
7,1637
7,1636
7,1635
7,1634
7,1633
7,1632
7,1631
7,1630
7,1629
7,1628
7,1627
7,1626
7,1625
7,1624
7,1623
7,1622
7,1621
7,1620
7,1619
7,1618
7,1617
7,1616
7,1615
7,1614
7,1613
7,1612
7,1611
7,1610
7,1609
7,1608
7,1607
7,1606
7,1605
7,1604
7,1603
7,1602
7,1601
7,1600
7,1599
7,1598
7,1597
7,1596
7,1595
7,1594
7,1593
7,1592
7,1591
7,1590
7,1589
7,1588
7,1587
7,1586
7,1585
7,1584
7,1583
7,1582
7,1581
7,1580
7,1579
7,1578
7,1577
7,1576
7,1575
7,1574
7,1573
7,1572
7,1571
7,1570
7,1569
7,1568
7,1567
7,1566
7,1565
7,1564
7,1563
7,1562
7,1561
7,1560
7,1559
7,1558
7,1557
7,1556
7,1555
7,1554
7,1553
7,1552
7,1551
7,1550
7,1549
7,1548
7,1547
7,1546
7,1545
7,1544
7,1543
7,1542
7,1541
7,1540
7,1539
7,1538
7,1537
7,1536
7,1535
7,1534
7,1533
7,1532
7,1531
7,1530
7,1529
7,1528
7,1527
7,1526
7,1525
7,1524
7,1523
7,1522
7,1521
7,1520
7,1519
7,1518
7,1517
7,1516
7,1515
7,1514
7,1513
7,1512
7,1511
7,1510
7,1509
7,1508
7,1507
7,1506
7,1505
7,1504
7,1503
7,1502
7,1501
7,1500
7,1499
7,1498
7,1497
7,1496
7,1495
7,1494
7,1493
7,1492
7,1491
7,1490
7,1489
7,1488
7,1487
7,1486
7,1485
7,1484
7,1483
7,1482
7,1481
7,1480
7,1479
7,1478
7,1477
7,1476
7,1475
7,1474
7,1473
7,1472
7,1471
7,1470
7,1469
7,1468
7,1467
7,1466
7,1465
7,1464
7,1463
7,1462
7,1461
7,1460
7,1459
7,1458
7,1457
7,1456
7,1455
7,1454
7,1453
7,1452
7,1451
7,1450
7,1449
7,1448
7,1447
7,1446
7,1445
7,1444
7,1443
7,1442
7,1441
7,1440
7,1439
7,1438
7,1437
7,1436
7,1435
7,1434
7,1407
7,1406
7,1405
7,1404
7,1403
7,1402
7,1401
7,1400
7,1399
7,1398
7,1397
7,1396
7,1395
7,1394
7,1393
7,1392
7,1391
7,1390
7,1389
7,1388
7,1387
7,1386
7,1385
7,1384
7,1383
7,1382
7,1381
7,1380
7,1379
7,1378
7,1377
7,1376
7,1375
7,1374
7,1373
7,1372
7,1371
7,1370
7,1369
7,1368
7,1367
7,1366
14,263
14,262
14,261
14,260
14,259
14,258
14,257
14,256
14,255
14,254
14,253
14,252
14,251
14,250
14,249
14,248
14,247
14,246
14,245
14,244
14,243
14,242
14,241
14,240
14,239
14,238
14,237
14,236
14,235
14,234
14,233
14,232
14,231
14,230
14,229
14,228
14,227
14,226
14,225
14,224
14,223
14,222
14,221
14,220
14,219
14,218
14,217
14,216
14,215
14,214
14,213
14,212
14,211
14,210
14,209
14,208
14,207
14,206
14,205
14,204
14,203
14,202
14,201
14,200
14,199
14,198
7,1433
4294967279,349
4294967279,348
7,1432
7,1431
7,1430
7,1429
7,1428
7,1427
7,1426
7,1365
7,1425
7,1424
7,1423
14,197
14,196
14,195
14,194
14,193
14,192
14,191
14,190
14,189
14,188
14,187
14,186
14,185
14,184
14,183
14,182
14,181
14,180
14,179
14,178
